data from http://strang.smhi.se/extraction/index.php
lat=58.136984; lon=12.121712; lev=0
CIE UV irradiance [mW/m^2]

2012 01 01 23 5.5
2012 01 02 23 12.6
2012 01 03 23 7.4
2012 01 04 23 10.3
2012 01 05 23 4.9
2012 01 06 23 22.8
2012 01 07 23 8.4
2012 01 08 23 10.5
2012 01 09 23 10.5
2012 01 10 23 15.1
2012 01 11 23 25.3
2012 01 12 23 7.4
2012 01 13 23 23.9
2012 01 14 23 28.3
2012 01 15 23 10.7
2012 01 16 23 14.6
2012 01 17 23 17.4
2012 01 18 23 14.1
2012 01 19 23 27.2
2012 01 20 23 23.5
2012 01 21 23 8.8
2012 01 22 23 26.2
2012 01 23 23 26.9
2012 01 24 23 21.1
2012 01 25 23 17.9
2012 01 26 23 27.9
2012 01 27 23 27.8
2012 01 28 23 16.8
2012 01 29 23 19.3
2012 01 30 23 53.1
2012 01 31 23 52.8
2012 02 01 23 53.7
2012 02 02 23 40.9
2012 02 03 23 55.0
2012 02 04 23 55.5
2012 02 05 23 17.8
2012 02 06 23 23.9
2012 02 07 23 46.2
2012 02 08 23 22.9
2012 02 09 23 61.8
2012 02 10 23 33.0
2012 02 11 23 32.5
2012 02 12 23 70.7
2012 02 13 23 53.3
2012 02 14 23 41.2
2012 02 15 23 102.3
2012 02 16 23 29.8
2012 02 17 23 91.0
2012 02 18 23 19.3
2012 02 19 23 52.2
2012 02 20 23 48.4
2012 02 21 23 125.3
2012 02 22 23 23.4
2012 02 23 23 139.7
2012 02 24 23 109.2
2012 02 25 23 88.8
2012 02 26 23 121.2
2012 02 27 23 36.4
2012 02 28 23 123.1
2012 02 29 23 98.8
2012 03 01 23 120.3
2012 03 02 23 153.0
2012 03 03 23 149.0
2012 03 04 23 101.3
2012 03 05 23 131.5
2012 03 06 23 111.2
2012 03 07 23 87.9
2012 03 08 23 62.3
2012 03 09 23 57.5
2012 03 10 23 150.9
2012 03 11 23 213.0
2012 03 12 23 218.0
2012 03 13 23 198.7
2012 03 14 23 228.8
2012 03 15 23 106.6
2012 03 16 23 110.6
2012 03 17 23 110.0
2012 03 18 23 122.8
2012 03 19 23 220.7
2012 03 20 23 171.6
2012 03 21 23 264.9
2012 03 22 23 361.2
2012 03 23 23 387.6
2012 03 24 23 294.8
2012 03 25 23 345.6
2012 03 26 23 237.7
2012 03 27 23 346.4
2012 03 28 23 297.6
2012 03 29 23 240.2
2012 03 30 23 282.3
2012 03 31 23 228.2
2012 04 01 23 258.9
2012 04 02 23 279.6
2012 04 03 23 282.5
2012 04 04 23 340.6
2012 04 05 23 251.0
2012 04 06 23 78.1
2012 04 07 23 378.8
2012 04 08 23 366.8
2012 04 09 23 89.3
2012 04 10 23 100.5
2012 04 11 23 108.8
2012 04 12 23 273.7
2012 04 13 23 247.8
2012 04 14 23 221.4
2012 04 15 23 267.1
2012 04 16 23 307.3
2012 04 17 23 316.7
2012 04 18 23 221.1
2012 04 19 23 345.7
2012 04 20 23 104.2
2012 04 21 23 288.0
2012 04 22 23 170.5
2012 04 23 23 275.3
2012 04 24 23 367.4
2012 04 25 23 230.3
2012 04 26 23 180.6
2012 04 27 23 296.4
2012 04 28 23 522.9
2012 04 29 23 594.5
2012 04 30 23 508.1
2012 05 01 23 855.2
2012 05 02 23 843.7
2012 05 03 23 791.7
2012 05 04 23 351.5
2012 05 05 23 352.7
2012 05 06 23 610.1
2012 05 07 23 607.5
2012 05 08 23 394.0
2012 05 09 23 180.3
2012 05 10 23 164.0
2012 05 11 23 249.3
2012 05 12 23 379.5
2012 05 13 23 664.4
2012 05 14 23 222.1
2012 05 15 23 534.1
2012 05 16 23 489.1
2012 05 17 23 311.8
2012 05 18 23 605.2
2012 05 19 23 596.6
2012 05 20 23 685.2
2012 05 21 23 839.3
2012 05 22 23 871.1
2012 05 23 23 923.9
2012 05 24 23 930.7
2012 05 25 23 1027.3
2012 05 26 23 837.7
2012 05 27 23 998.6
2012 05 28 23 786.7
2012 05 29 23 561.8
2012 05 30 23 610.5
2012 05 31 23 595.3
2012 06 01 23 278.2
2012 06 02 23 705.7
2012 06 03 23 443.1
2012 06 04 23 367.0
2012 06 05 23 550.8
2012 06 06 23 845.2
2012 06 07 23 450.2
2012 06 08 23 816.4
2012 06 09 23 709.1
2012 06 10 23 291.3
2012 06 11 23 341.3
2012 06 12 23 541.4
2012 06 13 23 581.7
2012 06 14 23 548.5
2012 06 15 23 820.5
2012 06 16 23 606.4
2012 06 17 23 479.1
2012 06 18 23 564.0
2012 06 19 23 948.6
2012 06 20 23 1041.7
2012 06 21 23 1077.4
2012 06 22 23 943.8
2012 06 23 23 363.6
2012 06 24 23 153.6
2012 06 25 23 188.0
2012 06 26 23 931.1
2012 06 27 23 871.0
2012 06 28 23 952.4
2012 06 29 23 472.7
2012 06 30 23 561.0
2012 07 01 23 562.6
2012 07 02 23 569.2
2012 07 03 23 810.2
2012 07 04 23 738.8
2012 07 05 23 1008.3
2012 07 06 23 511.9
2012 07 07 23 454.2
2012 07 08 23 671.2
2012 07 09 23 855.1
2012 07 10 23 404.3
2012 07 11 23 524.4
2012 07 12 23 557.1
2012 07 13 23 458.7
2012 07 14 23 609.8
2012 07 15 23 777.4
2012 07 16 23 758.0
2012 07 17 23 886.3
2012 07 18 23 786.0
2012 07 19 23 313.4
2012 07 20 23 656.8
2012 07 21 23 835.0
2012 07 22 23 766.6
2012 07 23 23 450.0
2012 07 24 23 660.2
2012 07 25 23 950.7
2012 07 26 23 938.1
2012 07 27 23 971.2
2012 07 28 23 321.4
2012 07 29 23 628.0
2012 07 30 23 343.2
2012 07 31 23 423.9
2012 08 01 23 659.5
2012 08 02 23 705.9
2012 08 03 23 623.3
2012 08 04 23 711.6
2012 08 05 23 482.6
2012 08 06 23 193.9
2012 08 07 23 279.6
2012 08 08 23 420.8
2012 08 09 23 688.6
2012 08 10 23 371.2
2012 08 11 23 728.0
2012 08 12 23 704.0
2012 08 13 23 662.7
2012 08 14 23 519.0
2012 08 15 23 729.4
2012 08 16 23 620.0
2012 08 17 23 645.1
2012 08 18 23 275.9
2012 08 19 23 436.2
2012 08 20 23 393.1
2012 08 21 23 581.3
2012 08 22 23 153.4
2012 08 23 23 319.6
2012 08 24 23 570.6
2012 08 25 23 472.7
2012 08 26 23 339.2
2012 08 27 23 636.5
2012 08 28 23 221.4
2012 08 29 23 506.2
2012 08 30 23 283.0
2012 08 31 23 430.4
2012 09 01 23 513.3
2012 09 02 23 237.7
2012 09 03 23 496.0
2012 09 04 23 296.7
2012 09 05 23 472.1
2012 09 06 23 421.7
2012 09 07 23 460.7
2012 09 08 23 349.4
2012 09 09 23 273.3
2012 09 10 23 384.8
2012 09 11 23 235.9
2012 09 12 23 268.0
2012 09 13 23 353.7
2012 09 14 23 217.8
2012 09 15 23 388.5
2012 09 16 23 215.7
2012 09 17 23 307.2
2012 09 18 23 213.2
2012 09 19 23 231.3
2012 09 20 23 237.2
2012 09 21 23 120.6
2012 09 22 23 95.0
2012 09 23 23 136.1
2012 09 24 23 292.6
2012 09 25 23 91.8
2012 09 26 23 147.2
2012 09 27 23 75.7
2012 09 28 23 239.5
2012 09 29 23 132.7
2012 09 30 23 218.7
2012 10 01 23 45.7
2012 10 02 23 150.2
2012 10 03 23 90.8
2012 10 04 23 100.5
2012 10 05 23 148.5
2012 10 06 23 202.7
2012 10 07 23 172.4
2012 10 08 23 154.9
2012 10 09 23 83.3
2012 10 10 23 172.8
2012 10 11 23 162.2
2012 10 12 23 170.3
2012 10 13 23 74.6
2012 10 14 23 41.0
2012 10 15 23 66.4
2012 10 16 23 55.8
2012 10 17 23 62.3
2012 10 18 23 38.2
2012 10 19 23 30.4
2012 10 20 23 24.8
2012 10 21 23 46.0
2012 10 22 23 58.2
2012 10 23 23 57.2
2012 10 24 23 85.3
2012 10 25 23 98.3
2012 10 26 23 102.3
2012 10 27 23 82.7
2012 10 28 23 83.3
2012 10 29 23 26.1
2012 10 30 23 67.4
2012 10 31 23 28.8
2012 11 01 23 39.3
2012 11 02 23 33.8
2012 11 03 23 20.4
2012 11 04 23 23.4
2012 11 05 23 20.2
2012 11 06 23 46.8
2012 11 07 23 44.4
2012 11 08 23 39.0
2012 11 09 23 12.0
2012 11 10 23 29.1
2012 11 11 23 17.9
2012 11 12 23 49.8
2012 11 13 23 18.9
2012 11 14 23 22.1
2012 11 15 23 47.1
2012 11 16 23 28.2
2012 11 17 23 18.8
2012 11 18 23 18.2
2012 11 19 23 28.2
2012 11 20 23 11.6
2012 11 21 23 15.2
2012 11 22 23 10.6
2012 11 23 23 25.3
2012 11 24 23 13.4
2012 11 25 23 13.1
2012 11 26 23 7.2
2012 11 27 23 6.3
2012 11 28 23 7.8
2012 11 29 23 11.9
2012 11 30 23 16.1
2012 12 01 23 21.3
2012 12 02 23 20.7
2012 12 03 23 10.2
2012 12 04 23 7.9
2012 12 05 23 9.4
2012 12 06 23 22.0
2012 12 07 23 20.0
2012 12 08 23 22.1
2012 12 09 23 8.6
2012 12 10 23 17.5
2012 12 11 23 9.4
2012 12 12 23 17.6
2012 12 13 23 18.1
2012 12 14 23 18.0
2012 12 15 23 4.4
2012 12 16 23 6.7
2012 12 17 23 4.9
2012 12 18 23 7.3
2012 12 19 23 11.0
2012 12 20 23 10.9
2012 12 21 23 8.6
2012 12 22 23 10.5
2012 12 23 23 6.7
2012 12 24 23 10.8
2012 12 25 23 8.5
2012 12 26 23 6.4
2012 12 27 23 19.1
2012 12 28 23 19.3
2012 12 29 23 3.0
2012 12 30 23 9.1
2012 12 31 23 2.1
2013 01 01 23 14.8
2013 01 02 23 20.4
2013 01 03 23 17.4
2013 01 04 23 6.5
2013 01 05 23 16.3
2013 01 06 23 4.7
2013 01 07 23 4.7
2013 01 08 23 10.1
2013 01 09 23 5.1
2013 01 10 23 10.1
2013 01 11 23 7.8
2013 01 12 23 11.8
2013 01 13 23 10.0
2013 01 14 23 9.6
2013 01 15 23 5.4
2013 01 16 23 14.0
2013 01 17 23 9.3
2013 01 18 23 16.3
2013 01 19 23 20.8
2013 01 20 23 13.7
2013 01 21 23 16.5
2013 01 22 23 23.6
2013 01 23 23 31.0
2013 01 24 23 32.2
2013 01 25 23 14.9
2013 01 26 23 14.3
2013 01 27 23 11.8
2013 01 28 23 16.7
2013 01 29 23 9.0
2013 01 30 23 23.6
2013 01 31 23 18.1
2013 02 01 23 33.3
2013 02 02 23 37.9
2013 02 03 23 25.2
2013 02 04 23 16.8
2013 02 05 23 22.3
2013 02 06 23 33.3
2013 02 07 23 28.6
2013 02 08 23 33.2
2013 02 09 23 29.9
2013 02 10 23 28.4
2013 02 11 23 34.1
2013 02 12 23 21.8
2013 02 13 23 43.3
2013 02 14 23 30.8
2013 02 15 23 32.9
2013 02 16 23 34.5
2013 02 17 23 20.9
2013 02 18 23 30.8
2013 02 19 23 49.8
2013 02 20 23 61.0
2013 02 21 23 77.2
2013 02 22 23 76.7
2013 02 23 23 87.3
2013 02 24 23 97.7
2013 02 25 23 152.6
2013 02 26 23 105.0
2013 02 27 23 105.9
2013 02 28 23 90.0
2013 03 01 23 130.0
2013 03 02 23 71.9
2013 03 03 23 152.3
2013 03 04 23 122.1
2013 03 05 23 144.3
2013 03 06 23 108.9
2013 03 07 23 169.3
2013 03 08 23 167.5
2013 03 09 23 142.4
2013 03 10 23 144.3
2013 03 11 23 169.0
2013 03 12 23 143.5
2013 03 13 23 78.7
2013 03 14 23 167.7
2013 03 15 23 157.7
2013 03 16 23 159.0
2013 03 17 23 115.8
2013 03 18 23 168.5
2013 03 19 23 88.8
2013 03 20 23 81.6
2013 03 21 23 180.7
2013 03 22 23 168.2
2013 03 23 23 252.4
2013 03 24 23 265.4
2013 03 25 23 246.6
2013 03 26 23 233.7
2013 03 27 23 232.2
2013 03 28 23 276.4
2013 03 29 23 238.4
2013 03 30 23 288.4
2013 03 31 23 286.5
2013 04 01 23 289.8
2013 04 02 23 296.6
2013 04 03 23 306.2
2013 04 04 23 339.5
2013 04 05 23 334.2
2013 04 06 23 313.5
2013 04 07 23 338.4
2013 04 08 23 322.8
2013 04 09 23 316.7
2013 04 10 23 361.4
2013 04 11 23 158.0
2013 04 12 23 94.4
2013 04 13 23 132.1
2013 04 14 23 288.5
2013 04 15 23 218.0
2013 04 16 23 349.5
2013 04 17 23 493.7
2013 04 18 23 263.7
2013 04 19 23 158.4
2013 04 20 23 589.3
2013 04 21 23 542.8
2013 04 22 23 278.3
2013 04 23 23 629.4
2013 04 24 23 256.1
2013 04 25 23 582.5
2013 04 26 23 540.5
2013 04 27 23 384.8
2013 04 28 23 531.0
2013 04 29 23 168.5
2013 04 30 23 437.4
2013 05 01 23 615.1
2013 05 02 23 657.5
2013 05 03 23 611.0
2013 05 04 23 308.8
2013 05 05 23 543.4
2013 05 06 23 701.5
2013 05 07 23 779.7
2013 05 08 23 297.8
2013 05 09 23 334.1
2013 05 10 23 597.8
2013 05 11 23 451.8
2013 05 12 23 401.3
2013 05 13 23 362.5
2013 05 14 23 391.2
2013 05 15 23 598.5
2013 05 16 23 714.2
2013 05 17 23 862.8
2013 05 18 23 910.2
2013 05 19 23 497.8
2013 05 20 23 408.7
2013 05 21 23 607.3
2013 05 22 23 342.0
2013 05 23 23 668.6
2013 05 24 23 781.7
2013 05 25 23 501.6
2013 05 26 23 803.1
2013 05 27 23 630.1
2013 05 28 23 629.2
2013 05 29 23 440.2
2013 05 30 23 760.7
2013 05 31 23 871.6
2013 06 01 23 818.4
2013 06 02 23 393.9
2013 06 03 23 830.5
2013 06 04 23 772.4
2013 06 05 23 733.8
2013 06 06 23 755.7
2013 06 07 23 823.9
2013 06 08 23 694.4
2013 06 09 23 506.7
2013 06 10 23 832.1
2013 06 11 23 897.2
2013 06 12 23 712.7
2013 06 13 23 351.4
2013 06 14 23 548.7
2013 06 15 23 709.2
2013 06 16 23 321.9
2013 06 17 23 811.4
2013 06 18 23 774.2
2013 06 19 23 679.7
2013 06 20 23 777.1
2013 06 21 23 957.2
2013 06 22 23 338.6
2013 06 23 23 446.4
2013 06 24 23 535.2
2013 06 25 23 803.0
2013 06 26 23 292.5
2013 06 27 23 732.2
2013 06 28 23 800.0
2013 06 29 23 257.0
2013 06 30 23 796.1
2013 07 01 23 695.7
2013 07 02 23 684.9
2013 07 03 23 717.7
2013 07 04 23 452.2
2013 07 05 23 709.2
2013 07 06 23 941.0
2013 07 07 23 970.8
2013 07 08 23 927.7
2013 07 09 23 993.3
2013 07 10 23 645.8
2013 07 11 23 1052.4
2013 07 12 23 1018.3
2013 07 13 23 1005.7
2013 07 14 23 770.0
2013 07 15 23 618.9
2013 07 16 23 908.3
2013 07 17 23 981.8
2013 07 18 23 712.8
2013 07 19 23 838.0
2013 07 20 23 1050.6
2013 07 21 23 975.6
2013 07 22 23 877.8
2013 07 23 23 925.6
2013 07 24 23 603.0
2013 07 25 23 490.8
2013 07 26 23 711.8
2013 07 27 23 424.4
2013 07 28 23 329.7
2013 07 29 23 833.8
2013 07 30 23 332.8
2013 07 31 23 692.7
2013 08 01 23 657.9
2013 08 02 23 622.9
2013 08 03 23 476.5
2013 08 04 23 727.9
2013 08 05 23 706.4
2013 08 06 23 636.3
2013 08 07 23 449.8
2013 08 08 23 142.7
2013 08 09 23 691.3
2013 08 10 23 241.3
2013 08 11 23 448.9
2013 08 12 23 523.7
2013 08 13 23 297.4
2013 08 14 23 325.9
2013 08 15 23 601.8
2013 08 16 23 232.2
2013 08 17 23 505.2
2013 08 18 23 290.6
2013 08 19 23 553.7
2013 08 20 23 571.5
2013 08 21 23 498.9
2013 08 22 23 590.1
2013 08 23 23 472.0
2013 08 24 23 513.2
2013 08 25 23 558.6
2013 08 26 23 586.1
2013 08 27 23 550.3
2013 08 28 23 483.8
2013 08 29 23 466.2
2013 08 30 23 233.8
2013 08 31 23 305.7
2013 09 01 23 266.9
2013 09 02 23 459.6
2013 09 03 23 499.3
2013 09 04 23 467.5
2013 09 05 23 318.0
2013 09 06 23 573.6
2013 09 07 23 490.9
2013 09 08 23 269.8
2013 09 09 23 398.3
2013 09 10 23 181.8
2013 09 11 23 382.3
2013 09 12 23 413.6
2013 09 13 23 320.6
2013 09 14 23 241.1
2013 09 15 23 131.6
2013 09 16 23 216.7
2013 09 17 23 282.5
2013 09 18 23 213.2
2013 09 19 23 193.4
2013 09 20 23 292.1
2013 09 21 23 261.6
2013 09 22 23 93.4
2013 09 23 23 366.3
2013 09 24 23 248.8
2013 09 25 23 251.9
2013 09 26 23 234.4
2013 09 27 23 295.5
2013 09 28 23 178.3
2013 09 29 23 211.3
2013 09 30 23 241.0
2013 10 01 23 285.1
2013 10 02 23 242.0
2013 10 03 23 210.9
2013 10 04 23 199.7
2013 10 05 23 67.2
2013 10 06 23 148.8
2013 10 07 23 70.1
2013 10 08 23 85.3
2013 10 09 23 98.7
2013 10 10 23 93.5
2013 10 11 23 168.5
2013 10 12 23 194.0
2013 10 13 23 129.1
2013 10 14 23 76.1
2013 10 15 23 150.3
2013 10 16 23 144.9
2013 10 17 23 40.8
2013 10 18 23 149.9
2013 10 19 23 73.2
2013 10 20 23 37.0
2013 10 21 23 41.7
2013 10 22 23 39.9
2013 10 23 23 55.0
2013 10 24 23 76.2
2013 10 25 23 70.6
2013 10 26 23 42.0
2013 10 27 23 41.5
2013 10 28 23 38.3
2013 10 29 23 9.9
2013 10 30 23 66.8
2013 10 31 23 31.8
2013 11 01 23 16.6
2013 11 02 23 39.0
2013 11 03 23 16.8
2013 11 04 23 54.0
2013 11 05 23 60.8
2013 11 06 23 43.7
2013 11 07 23 31.7
2013 11 08 23 45.1
2013 11 09 23 13.6
2013 11 10 23 37.8
2013 11 11 23 48.8
2013 11 12 23 16.0
2013 11 13 23 50.1
2013 11 14 23 23.3
2013 11 15 23 18.5
2013 11 16 23 25.2
2013 11 17 23 46.6
2013 11 18 23 17.6
2013 11 19 23 24.2
2013 11 20 23 31.7
2013 11 21 23 9.3
2013 11 22 23 30.1
2013 11 23 23 16.6
2013 11 24 23 32.3
2013 11 25 23 31.0
2013 11 26 23 24.6
2013 11 27 23 16.1
2013 11 28 23 29.0
2013 11 29 23 14.3
2013 11 30 23 21.0
2013 12 01 23 27.0
2013 12 02 23 21.3
2013 12 03 23 14.5
2013 12 04 23 24.4
2013 12 05 23 6.1
2013 12 06 23 14.7
2013 12 07 23 20.2
2013 12 08 23 4.6
2013 12 09 23 8.0
2013 12 10 23 9.5
2013 12 11 23 9.4
2013 12 12 23 15.8
2013 12 13 23 6.5
2013 12 14 23 5.1
2013 12 15 23 5.8
2013 12 16 23 3.0
2013 12 17 23 12.6
2013 12 18 23 10.4
2013 12 19 23 4.0
2013 12 20 23 4.2
2013 12 21 23 4.9
2013 12 22 23 7.9
2013 12 23 23 12.6
2013 12 24 23 1.3
2013 12 25 23 2.5
2013 12 26 23 5.8
2013 12 27 23 6.4
2013 12 28 23 9.2
2013 12 29 23 5.2
2013 12 30 23 9.9
2013 12 31 23 13.2
2014 01 01 23 7.6
2014 01 02 23 6.0
2014 01 03 23 7.9
2014 01 04 23 5.7
2014 01 05 23 10.4
2014 01 06 23 8.5
2014 01 07 23 5.2
2014 01 08 23 4.0
2014 01 09 23 5.2
2014 01 10 23 11.5
2014 01 11 23 12.0
2014 01 12 23 16.8
2014 01 13 23 12.3
2014 01 14 23 7.8
2014 01 15 23 15.8
2014 01 16 23 7.1
2014 01 17 23 8.1
2014 01 18 23 14.8
2014 01 19 23 27.2
2014 01 20 23 29.2
2014 01 21 23 24.3
2014 01 22 23 14.4
2014 01 23 23 14.1
2014 01 24 23 31.9
2014 01 25 23 18.9
2014 01 26 23 16.8
2014 01 27 23 16.9
2014 01 28 23 20.9
2014 01 29 23 26.7
2014 01 30 23 15.3
2014 01 31 23 14.7
2014 02 01 23 28.2
2014 02 02 23 34.1
2014 02 03 23 39.4
2014 02 04 23 31.7
2014 02 05 23 36.9
2014 02 06 23 14.5
2014 02 07 23 11.3
2014 02 08 23 27.1
2014 02 09 23 21.0
2014 02 10 23 27.4
2014 02 11 23 41.7
2014 02 12 23 32.1
2014 02 13 23 25.3
2014 02 14 23 22.7
2014 02 15 23 14.6
2014 02 16 23 22.5
2014 02 17 23 74.9
2014 02 18 23 26.6
2014 02 19 23 13.9
2014 02 20 23 44.8
2014 02 21 23 41.5
2014 02 22 23 26.6
2014 02 23 23 50.5
2014 02 24 23 91.2
2014 02 25 23 108.7
2014 02 26 23 63.6
2014 02 27 23 93.7
2014 02 28 23 60.2
2014 03 01 23 49.2
2014 03 02 23 44.9
2014 03 03 23 114.7
2014 03 04 23 93.5
2014 03 05 23 52.3
2014 03 06 23 124.9
2014 03 07 23 65.5
2014 03 08 23 188.1
2014 03 09 23 216.5
2014 03 10 23 68.4
2014 03 11 23 236.2
2014 03 12 23 258.5
2014 03 13 23 263.9
2014 03 14 23 98.1
2014 03 15 23 189.6
2014 03 16 23 255.5
2014 03 17 23 198.8
2014 03 18 23 84.6
2014 03 19 23 106.8
2014 03 20 23 177.7
2014 03 21 23 157.4
2014 03 22 23 150.2
2014 03 23 23 163.7
2014 03 24 23 122.0
2014 03 25 23 216.3
2014 03 26 23 73.8
2014 03 27 23 104.4
2014 03 28 23 352.3
2014 03 29 23 394.7
2014 03 30 23 340.7
2014 03 31 23 268.7
2014 04 01 23 278.3
2014 04 02 23 290.3
2014 04 03 23 306.3
2014 04 04 23 386.7
2014 04 05 23 183.3
2014 04 06 23 127.5
2014 04 07 23 172.9
2014 04 08 23 91.9
2014 04 09 23 127.9
2014 04 10 23 148.4
2014 04 11 23 304.1
2014 04 12 23 191.6
2014 04 13 23 303.7
2014 04 14 23 375.9
2014 04 15 23 426.5
2014 04 16 23 374.0
2014 04 17 23 274.5
2014 04 18 23 234.1
2014 04 19 23 611.5
2014 04 20 23 582.7
2014 04 21 23 501.4
2014 04 22 23 426.6
2014 04 23 23 481.3
2014 04 24 23 479.8
2014 04 25 23 453.0
2014 04 26 23 626.1
2014 04 27 23 606.1
2014 04 28 23 616.1
2014 04 29 23 604.4
2014 04 30 23 372.4
2014 05 01 23 594.2
2014 05 02 23 468.2
2014 05 03 23 474.4
2014 05 04 23 601.8
2014 05 05 23 417.0
2014 05 06 23 91.8
2014 05 07 23 162.5
2014 05 08 23 173.9
2014 05 09 23 355.7
2014 05 10 23 509.6
2014 05 11 23 188.3
2014 05 12 23 194.1
2014 05 13 23 295.9
2014 05 14 23 492.5
2014 05 15 23 725.6
2014 05 16 23 731.8
2014 05 17 23 810.3
2014 05 18 23 734.4
2014 05 19 23 408.9
2014 05 20 23 392.1
2014 05 21 23 826.8
2014 05 22 23 845.2
2014 05 23 23 802.5
2014 05 24 23 632.3
2014 05 25 23 783.7
2014 05 26 23 981.1
2014 05 27 23 734.4
2014 05 28 23 1003.9
2014 05 29 23 1004.5
2014 05 30 23 920.2
2014 05 31 23 572.2
2014 06 01 23 856.9
2014 06 02 23 889.4
2014 06 03 23 451.3
2014 06 04 23 347.0
2014 06 05 23 341.6
2014 06 06 23 422.9
2014 06 07 23 602.8
2014 06 08 23 868.1
2014 06 09 23 1116.9
2014 06 10 23 944.9
2014 06 11 23 538.1
2014 06 12 23 823.0
2014 06 13 23 769.1
2014 06 14 23 1044.8
2014 06 15 23 1026.9
2014 06 16 23 761.2
2014 06 17 23 773.7
2014 06 18 23 846.4
2014 06 19 23 488.5
2014 06 20 23 623.4
2014 06 21 23 597.6
2014 06 22 23 696.1
2014 06 23 23 753.1
2014 06 24 23 801.5
2014 06 25 23 795.9
2014 06 26 23 821.3
2014 06 27 23 566.5
2014 06 28 23 272.2
2014 06 29 23 427.5
2014 06 30 23 633.5
2014 07 01 23 714.5
2014 07 02 23 707.5
2014 07 03 23 500.9
2014 07 04 23 831.8
2014 07 05 23 878.9
2014 07 06 23 569.1
2014 07 07 23 720.0
2014 07 08 23 927.5
2014 07 09 23 1146.5
2014 07 10 23 1000.6
2014 07 11 23 962.2
2014 07 12 23 769.2
2014 07 13 23 462.6
2014 07 14 23 596.6
2014 07 15 23 512.8
2014 07 16 23 912.7
2014 07 17 23 895.8
2014 07 18 23 824.4
2014 07 19 23 966.9
2014 07 20 23 1007.6
2014 07 21 23 946.3
2014 07 22 23 922.7
2014 07 23 23 922.3
2014 07 24 23 1004.6
2014 07 25 23 936.5
2014 07 26 23 800.4
2014 07 27 23 560.3
2014 07 28 23 851.5
2014 07 29 23 917.3
2014 07 30 23 820.4
2014 07 31 23 701.6
2014 08 01 23 749.4
2014 08 02 23 769.3
2014 08 03 23 458.4
2014 08 04 23 342.2
2014 08 05 23 733.4
2014 08 06 23 707.9
2014 08 07 23 645.8
2014 08 08 23 577.4
2014 08 09 23 621.2
2014 08 10 23 663.9
2014 08 11 23 552.5
2014 08 12 23 455.3
2014 08 13 23 355.9
2014 08 14 23 290.7
2014 08 15 23 423.7
2014 08 16 23 425.5
2014 08 17 23 181.1
2014 08 18 23 428.8
2014 08 19 23 166.2
2014 08 20 23 453.3
2014 08 21 23 295.4
2014 08 22 23 328.4
2014 08 23 23 408.0
2014 08 24 23 186.5
2014 08 25 23 337.5
2014 08 26 23 455.0
2014 08 27 23 520.5
2014 08 28 23 489.9
2014 08 29 23 446.1
2014 08 30 23 142.9
2014 08 31 23 264.4
2014 09 01 23 476.0
2014 09 02 23 378.0
2014 09 03 23 585.2
2014 09 04 23 585.1
2014 09 05 23 556.8
2014 09 06 23 505.8
2014 09 07 23 380.7
2014 09 08 23 305.1
2014 09 09 23 211.2
2014 09 10 23 415.0
2014 09 11 23 468.8
2014 09 12 23 455.0
2014 09 13 23 406.2
2014 09 14 23 446.8
2014 09 15 23 443.2
2014 09 16 23 371.9
2014 09 17 23 292.6
2014 09 18 23 378.4
2014 09 19 23 400.2
2014 09 20 23 266.0
2014 09 21 23 143.8
2014 09 22 23 248.0
2014 09 23 23 147.8
2014 09 24 23 87.3
2014 09 25 23 261.1
2014 09 26 23 113.9
2014 09 27 23 219.4
2014 09 28 23 122.1
2014 09 29 23 271.5
2014 09 30 23 243.6
2014 10 01 23 192.9
2014 10 02 23 207.1
2014 10 03 23 208.3
2014 10 04 23 200.4
2014 10 05 23 236.0
2014 10 06 23 165.6
2014 10 07 23 99.5
2014 10 08 23 120.8
2014 10 09 23 106.5
2014 10 10 23 77.1
2014 10 11 23 98.4
2014 10 12 23 83.4
2014 10 13 23 141.6
2014 10 14 23 86.0
2014 10 15 23 37.9
2014 10 16 23 46.0
2014 10 17 23 60.5
2014 10 18 23 43.2
2014 10 19 23 26.7
2014 10 20 23 103.3
2014 10 21 23 86.5
2014 10 22 23 41.1
2014 10 23 23 25.4
2014 10 24 23 23.0
2014 10 25 23 39.4
2014 10 26 23 41.1
2014 10 27 23 22.1
2014 10 28 23 50.1
2014 10 29 23 80.2
2014 10 30 23 76.2
2014 10 31 23 36.9
2014 11 01 23 38.5
2014 11 02 23 63.9
2014 11 03 23 30.3
2014 11 04 23 21.4
2014 11 05 23 39.0
2014 11 06 23 36.7
2014 11 07 23 32.2
2014 11 08 23 30.5
2014 11 09 23 37.7
2014 11 10 23 19.5
2014 11 11 23 37.1
2014 11 12 23 40.9
2014 11 13 23 20.1
2014 11 14 23 15.2
2014 11 15 23 15.3
2014 11 16 23 17.1
2014 11 17 23 11.4
2014 11 18 23 17.1
2014 11 19 23 14.8
2014 11 20 23 8.8
2014 11 21 23 17.5
2014 11 22 23 30.8
2014 11 23 23 10.3
2014 11 24 23 19.7
2014 11 25 23 32.9
2014 11 26 23 17.4
2014 11 27 23 21.1
2014 11 28 23 22.3
2014 11 29 23 10.5
2014 11 30 23 23.0
2014 12 01 23 25.0
2014 12 02 23 11.8
2014 12 03 23 23.6
2014 12 04 23 8.5
2014 12 05 23 4.3
2014 12 06 23 16.3
2014 12 07 23 4.5
2014 12 08 23 12.3
2014 12 09 23 17.1
2014 12 10 23 10.1
2014 12 11 23 8.1
2014 12 12 23 8.2
2014 12 13 23 11.2
2014 12 14 23 7.7
2014 12 15 23 5.2
2014 12 16 23 5.9
2014 12 17 23 10.0
2014 12 18 23 4.7
2014 12 19 23 13.9
2014 12 20 23 9.7
2014 12 21 23 7.4
2014 12 22 23 13.3
2014 12 23 23 14.2
2014 12 24 23 5.6
2014 12 25 23 16.5
2014 12 26 23 16.1
2014 12 27 23 8.7
2014 12 28 23 7.9
2014 12 29 23 9.3
2014 12 30 23 9.6
2014 12 31 23 14.5
2015 01 01 23 4.3
2015 01 02 23 9.3
2015 01 03 23 9.9
2015 01 04 23 15.7
2015 01 05 23 15.9
2015 01 06 23 8.5
2015 01 07 23 23.4
2015 01 08 23 10.7
2015 01 09 23 6.5
2015 01 10 23 5.4
2015 01 11 23 5.3
2015 01 12 23 3.3
2015 01 13 23 9.1
2015 01 14 23 11.6
2015 01 15 23 5.9
2015 01 16 23 9.6
2015 01 17 23 7.6
2015 01 18 23 9.5
2015 01 19 23 8.7
2015 01 20 23 11.9
2015 01 21 23 14.3
2015 01 22 23 22.8
2015 01 23 23 24.9
2015 01 24 23 7.7
2015 01 25 23 30.0
2015 01 26 23 8.2
2015 01 27 23 32.7
2015 01 28 23 8.1
2015 01 29 23 8.4
2015 01 30 23 17.0
2015 01 31 23 11.7
2015 02 01 23 10.9
2015 02 02 23 17.5
2015 02 03 23 23.1
2015 02 04 23 22.4
2015 02 05 23 19.9
2015 02 06 23 38.5
2015 02 07 23 39.2
2015 02 08 23 57.2
2015 02 09 23 68.6
2015 02 10 23 57.0
2015 02 11 23 26.2
2015 02 12 23 36.1
2015 02 13 23 34.5
2015 02 14 23 27.6
2015 02 15 23 38.6
2015 02 16 23 50.8
2015 02 17 23 34.4
2015 02 18 23 21.1
2015 02 19 23 45.1
2015 02 20 23 32.8
2015 02 21 23 30.4
2015 02 22 23 68.3
2015 02 23 23 20.5
2015 02 24 23 34.1
2015 02 25 23 53.8
2015 02 26 23 90.2
2015 02 27 23 57.3
2015 02 28 23 75.7
2015 03 01 23 33.8
2015 03 02 23 51.0
2015 03 03 23 84.4
2015 03 04 23 106.1
2015 03 05 23 138.3
2015 03 06 23 106.3
2015 03 07 23 53.8
2015 03 08 23 94.0
2015 03 09 23 198.4
2015 03 10 23 150.5
2015 03 11 23 194.9
2015 03 12 23 177.7
2015 03 13 23 209.8
2015 03 14 23 199.0
2015 03 15 23 194.2
2015 03 16 23 94.7
2015 03 17 23 176.0
2015 03 18 23 191.6
2015 03 19 23 221.9
2015 03 20 23 127.2
2015 03 21 23 154.2
2015 03 22 23 138.4
2015 03 23 23 145.9
2015 03 24 23 300.5
2015 03 25 23 100.0
2015 03 26 23 113.5
2015 03 27 23 219.0
2015 03 28 23 297.9
2015 03 29 23 113.7
2015 03 30 23 72.0
2015 03 31 23 212.0
2015 04 01 23 255.5
2015 04 02 23 259.1
2015 04 03 23 296.4
2015 04 04 23 340.2
2015 04 05 23 353.7
2015 04 06 23 402.9
2015 04 07 23 316.9
2015 04 08 23 489.2
2015 04 09 23 415.5
2015 04 10 23 131.6
2015 04 11 23 447.2
2015 04 12 23 252.4
2015 04 13 23 406.4
2015 04 14 23 86.9
2015 04 15 23 86.2
2015 04 16 23 354.7
2015 04 17 23 256.3
2015 04 18 23 462.3
2015 04 19 23 395.1
2015 04 20 23 505.4
2015 04 21 23 588.2
2015 04 22 23 565.5
2015 04 23 23 484.3
2015 04 24 23 438.0
2015 04 25 23 336.9
2015 04 26 23 418.2
2015 04 27 23 405.4
2015 04 28 23 491.2
2015 04 29 23 302.3
2015 04 30 23 180.7
2015 05 01 23 439.1
2015 05 02 23 366.8
2015 05 03 23 522.7
2015 05 04 23 159.2
2015 05 05 23 370.5
2015 05 06 23 496.3
2015 05 07 23 302.8
2015 05 08 23 523.5
2015 05 09 23 462.4
2015 05 10 23 273.6
2015 05 11 23 577.8
2015 05 12 23 160.1
2015 05 13 23 353.5
2015 05 14 23 664.7
2015 05 15 23 735.3
2015 05 16 23 312.7
2015 05 17 23 562.0
2015 05 18 23 633.4
2015 05 19 23 507.2
2015 05 20 23 405.7
2015 05 21 23 565.3
2015 05 22 23 372.6
2015 05 23 23 696.1
2015 05 24 23 654.0
2015 05 25 23 680.4
2015 05 26 23 628.9
2015 05 27 23 765.1
2015 05 28 23 279.7
2015 05 29 23 524.7
2015 05 30 23 244.9
2015 05 31 23 577.2
2015 06 01 23 591.7
2015 06 02 23 350.8
2015 06 03 23 510.9
2015 06 04 23 787.7
2015 06 05 23 885.1
2015 06 06 23 507.1
2015 06 07 23 493.6
2015 06 08 23 645.9
2015 06 09 23 828.7
2015 06 10 23 866.0
2015 06 11 23 946.4
2015 06 12 23 1049.4
2015 06 13 23 692.9
2015 06 14 23 865.4
2015 06 15 23 791.8
2015 06 16 23 765.4
2015 06 17 23 434.3
2015 06 18 23 465.6
2015 06 19 23 485.7
2015 06 20 23 745.0
2015 06 21 23 756.3
2015 06 22 23 643.4
2015 06 23 23 718.7
2015 06 24 23 447.3
2015 06 25 23 908.4
2015 06 26 23 931.2
2015 06 27 23 833.9
2015 06 28 23 469.0
2015 06 29 23 353.5
2015 06 30 23 940.5
2015 07 01 23 1160.3
2015 07 02 23 1242.5
2015 07 03 23 1167.7
2015 07 04 23 1005.3
2015 07 05 23 977.1
2015 07 06 23 447.5
2015 07 07 23 849.2
2015 07 08 23 581.7
2015 07 09 23 499.2
2015 07 10 23 706.5
2015 07 11 23 940.9
2015 07 12 23 356.1
2015 07 13 23 415.8
2015 07 14 23 795.5
2015 07 15 23 722.9
2015 07 16 23 829.3
2015 07 17 23 966.1
2015 07 18 23 791.8
2015 07 19 23 526.6
2015 07 20 23 787.8
2015 07 21 23 353.2
2015 07 22 23 551.1
2015 07 23 23 770.0
2015 07 24 23 576.1
2015 07 25 23 350.4
2015 07 26 23 245.3
2015 07 27 23 511.2
2015 07 28 23 303.8
2015 07 29 23 292.4
2015 07 30 23 391.2
2015 07 31 23 331.1
2015 08 01 23 699.7
2015 08 02 23 465.2
2015 08 03 23 731.2
2015 08 04 23 699.6
2015 08 05 23 677.0
2015 08 06 23 719.2
2015 08 07 23 746.9
2015 08 08 23 573.8
2015 08 09 23 783.8
2015 08 10 23 792.7
2015 08 11 23 495.9
2015 08 12 23 711.1
2015 08 13 23 741.4
2015 08 14 23 831.6
2015 08 15 23 794.1
2015 08 16 23 636.2
2015 08 17 23 803.9
2015 08 18 23 787.6
2015 08 19 23 787.0
2015 08 20 23 717.6
2015 08 21 23 710.9
2015 08 22 23 679.7
2015 08 23 23 693.6
2015 08 24 23 334.4
2015 08 25 23 259.0
2015 08 26 23 267.1
2015 08 27 23 141.4
2015 08 28 23 440.3
2015 08 29 23 387.4
2015 08 30 23 479.3
2015 08 31 23 486.6
2015 09 01 23 150.0
2015 09 02 23 456.0
2015 09 03 23 426.5
2015 09 04 23 405.7
2015 09 05 23 203.3
2015 09 06 23 380.4
2015 09 07 23 452.0
2015 09 08 23 391.2
2015 09 09 23 428.8
2015 09 10 23 299.2
2015 09 11 23 356.4
2015 09 12 23 263.6
2015 09 13 23 186.2
2015 09 14 23 247.6
2015 09 15 23 223.0
2015 09 16 23 257.8
2015 09 17 23 179.3
2015 09 18 23 168.4
2015 09 19 23 304.5
2015 09 20 23 324.8
2015 09 21 23 225.6
2015 09 22 23 77.0
2015 09 23 23 165.6
2015 09 24 23 154.2
2015 09 25 23 225.6
2015 09 26 23 289.2
2015 09 27 23 302.3
2015 09 28 23 280.7
2015 09 29 23 289.8
2015 09 30 23 263.2
2015 10 01 23 221.8
2015 10 02 23 238.4
2015 10 03 23 123.2
2015 10 04 23 130.2
2015 10 05 23 194.8
2015 10 06 23 176.3
2015 10 07 23 180.6
2015 10 08 23 117.7
2015 10 09 23 87.5
2015 10 10 23 158.7
2015 10 11 23 74.9
2015 10 12 23 65.1
2015 10 13 23 110.6
2015 10 14 23 103.2
2015 10 15 23 144.0
2015 10 16 23 96.3
2015 10 17 23 69.9
2015 10 18 23 135.0
2015 10 19 23 109.4
2015 10 20 23 85.4
2015 10 21 23 77.4
2015 10 22 23 47.2
2015 10 23 23 119.4
2015 10 24 23 47.1
2015 10 25 23 89.9
2015 10 26 23 94.3
2015 10 27 23 73.9
2015 10 28 23 83.8
2015 10 29 23 50.9
2015 10 30 23 34.6
2015 10 31 23 42.7
2015 11 01 23 45.1
2015 11 02 23 56.3
2015 11 03 23 18.8
2015 11 04 23 30.0
2015 11 05 23 22.5
2015 11 06 23 20.7
2015 11 07 23 25.8
2015 11 08 23 61.3
2015 11 09 23 36.9
2015 11 10 23 35.2
2015 11 11 23 44.4
2015 11 12 23 44.3
2015 11 13 23 15.7
2015 11 14 23 25.0
2015 11 15 23 32.0
2015 11 16 23 13.4
2015 11 17 23 20.9
2015 11 18 23 33.9
2015 11 19 23 10.5
2015 11 20 23 28.8
2015 11 21 23 25.1
2015 11 22 23 26.4
2015 11 23 23 32.5
2015 11 24 23 6.9
2015 11 25 23 10.0
2015 11 26 23 12.1
2015 11 27 23 9.6
2015 11 28 23 19.7
2015 11 29 23 7.1
2015 11 30 23 20.9
2015 12 01 23 25.0
2015 12 02 23 11.7
2015 12 03 23 20.8
2015 12 04 23 15.9
2015 12 05 23 7.6
2015 12 06 23 10.4
2015 12 07 23 20.4
2015 12 08 23 9.1
2015 12 09 23 17.6
2015 12 10 23 7.0
2015 12 11 23 6.4
2015 12 12 23 17.6
2015 12 13 23 17.8
2015 12 14 23 12.3
2015 12 15 23 7.2
2015 12 16 23 5.9
2015 12 17 23 10.8
2015 12 18 23 4.2
2015 12 19 23 6.7
2015 12 20 23 8.2
2015 12 21 23 8.5
2015 12 22 23 13.3
2015 12 23 23 8.3
2015 12 24 23 6.4
2015 12 25 23 2.3
2015 12 26 23 15.3
2015 12 27 23 7.2
2015 12 28 23 12.3
2015 12 29 23 12.8
2015 12 30 23 8.6
2015 12 31 23 4.7
2016 01 01 23 6.2
2016 01 02 23 8.2
2016 01 03 23 10.8
2016 01 04 23 18.2
2016 01 05 23 19.1
2016 01 06 23 22.1
2016 01 07 23 11.1
2016 01 08 23 6.6
2016 01 09 23 3.7
2016 01 10 23 11.0
2016 01 11 23 8.5
2016 01 12 23 6.8
2016 01 13 23 13.5
2016 01 14 23 20.1
2016 01 15 23 19.8
2016 01 16 23 7.7
2016 01 17 23 30.3
2016 01 18 23 27.1
2016 01 19 23 16.7
2016 01 20 23 26.8
2016 01 21 23 30.9
2016 01 22 23 14.7
2016 01 23 23 10.5
2016 01 24 23 19.3
2016 01 25 23 23.3
2016 01 26 23 31.5
2016 01 27 23 15.7
2016 01 28 23 37.1
2016 01 29 23 19.4
2016 01 30 23 18.2
2016 01 31 23 32.0
2016 02 01 23 30.3
2016 02 02 23 37.3
2016 02 03 23 59.0
2016 02 04 23 59.6
2016 02 05 23 53.7
2016 02 06 23 15.2
2016 02 07 23 31.9
2016 02 08 23 19.8
2016 02 09 23 23.5
2016 02 10 23 34.2
2016 02 11 23 45.7
2016 02 12 23 70.8
2016 02 13 23 33.4
2016 02 14 23 55.1
2016 02 15 23 67.2
2016 02 16 23 92.7
2016 02 17 23 81.6
2016 02 18 23 40.0
2016 02 19 23 29.6
2016 02 20 23 22.5
2016 02 21 23 78.1
2016 02 22 23 66.0
2016 02 23 23 59.5
2016 02 24 23 115.2
2016 02 25 23 128.7
2016 02 26 23 138.9
2016 02 27 23 143.9
2016 02 28 23 116.5
2016 02 29 23 82.6
2016 03 01 23 129.0
2016 03 02 23 47.5
2016 03 03 23 112.5
2016 03 04 23 48.6
2016 03 05 23 79.3
2016 03 06 23 58.0
2016 03 07 23 56.8
2016 03 08 23 127.4
2016 03 09 23 153.9
2016 03 10 23 217.9
2016 03 11 23 206.2
2016 03 12 23 113.7
2016 03 13 23 73.5
2016 03 14 23 155.2
2016 03 15 23 178.5
2016 03 16 23 200.4
2016 03 17 23 76.6
2016 03 18 23 160.9
2016 03 19 23 215.7
2016 03 20 23 221.7
2016 03 21 23 193.6
2016 03 22 23 190.7
2016 03 23 23 235.3
2016 03 24 23 237.5
2016 03 25 23 75.3
2016 03 26 23 199.4
2016 03 27 23 128.7
2016 03 28 23 256.1
2016 03 29 23 158.6
2016 03 30 23 183.4
2016 03 31 23 210.8
2016 04 01 23 338.8
2016 04 02 23 162.7
2016 04 03 23 240.5
2016 04 04 23 286.3
2016 04 05 23 131.1
2016 04 06 23 138.9
2016 04 07 23 164.7
2016 04 08 23 175.5
2016 04 09 23 277.2
2016 04 10 23 291.6
2016 04 11 23 -999.0
2016 04 12 23 489.3
2016 04 13 23 312.5
2016 04 14 23 362.0
2016 04 15 23 123.1
2016 04 16 23 155.8
2016 04 17 23 170.4
2016 04 18 23 198.1
2016 04 19 23 306.1
2016 04 20 23 485.2
2016 04 21 23 439.7
2016 04 22 23 412.4
2016 04 23 23 425.4
2016 04 24 23 310.5
2016 04 25 23 264.9
2016 04 26 23 287.2
2016 04 27 23 327.7
2016 04 28 23 224.7
2016 04 29 23 314.9
2016 04 30 23 174.0
2016 05 01 23 536.9
2016 05 02 23 553.8
2016 05 03 23 400.8
2016 05 04 23 687.0
2016 05 05 23 760.1
2016 05 06 23 739.0
2016 05 07 23 771.6
2016 05 08 23 -999.0
2016 05 09 23 700.4
2016 05 10 23 558.2
2016 05 11 23 770.3
2016 05 12 23 691.5
2016 05 13 23 598.7
2016 05 14 23 195.9
2016 05 15 23 281.4
2016 05 16 23 533.8
2016 05 17 23 772.0
2016 05 18 23 383.2
2016 05 19 23 530.7
2016 05 20 23 342.3
2016 05 21 23 425.0
2016 05 22 23 476.1
2016 05 23 23 459.5
2016 05 24 23 401.9
2016 05 25 23 361.1
2016 05 26 23 745.7
2016 05 27 23 513.5
2016 05 28 23 425.1
2016 05 29 23 426.7
2016 05 30 23 849.6
2016 05 31 23 883.8
2016 06 01 23 754.8
2016 06 02 23 910.5
2016 06 03 23 1057.5
2016 06 04 23 1013.0
2016 06 05 23 1046.6
2016 06 06 23 906.2
2016 06 07 23 809.6
2016 06 08 23 772.6
2016 06 09 23 633.2
2016 06 10 23 741.8
2016 06 11 23 765.7
2016 06 12 23 742.5
2016 06 13 23 686.3
2016 06 14 23 722.1
2016 06 15 23 302.0
2016 06 16 23 548.6
2016 06 17 23 616.1
2016 06 18 23 313.2
2016 06 19 23 457.2
2016 06 20 23 424.0
2016 06 21 23 668.6
2016 06 22 23 781.2
2016 06 23 23 589.6
2016 06 24 23 623.5
2016 06 25 23 964.9
2016 06 26 23 415.8
2016 06 27 23 593.8
2016 06 28 23 886.4
2016 06 29 23 666.5
2016 06 30 23 316.9
2016 07 01 23 344.4
2016 07 02 23 422.7
2016 07 03 23 487.8
2016 07 04 23 686.9
2016 07 05 23 462.6
2016 07 06 23 562.7
2016 07 07 23 849.8
2016 07 08 23 634.3
2016 07 09 23 755.2
2016 07 10 23 419.7
2016 07 11 23 286.7
2016 07 12 23 288.8
2016 07 13 23 364.7
2016 07 14 23 508.6
2016 07 15 23 228.2
2016 07 16 23 430.3
2016 07 17 23 751.8
2016 07 18 23 786.2
2016 07 19 23 958.7
2016 07 20 23 714.7
2016 07 21 23 755.7
2016 07 22 23 940.6
2016 07 23 23 738.1
2016 07 24 23 820.9
2016 07 25 23 883.8
2016 07 26 23 686.3
2016 07 27 23 510.0
2016 07 28 23 728.5
2016 07 29 23 438.6
2016 07 30 23 792.6
2016 07 31 23 443.7
2016 08 01 23 530.7
2016 08 02 23 661.3
2016 08 03 23 623.8
2016 08 04 23 268.1
2016 08 05 23 423.5
2016 08 06 23 280.7
2016 08 07 23 415.2
2016 08 08 23 331.0
2016 08 09 23 451.6
2016 08 10 23 214.4
2016 08 11 23 607.2
2016 08 12 23 215.7
2016 08 13 23 284.0
2016 08 14 23 619.9
2016 08 15 23 753.6
2016 08 16 23 625.6
2016 08 17 23 647.5
2016 08 18 23 387.8
2016 08 19 23 398.9
2016 08 20 23 387.6
2016 08 21 23 379.7
2016 08 22 23 372.4
2016 08 23 23 584.5
2016 08 24 23 406.4
2016 08 25 23 535.7
2016 08 26 23 533.0
2016 08 27 23 603.2
2016 08 28 23 158.2
2016 08 29 23 253.4
2016 08 30 23 416.2
2016 08 31 23 292.4
2016 09 01 23 358.0
2016 09 02 23 230.3
2016 09 03 23 287.1
2016 09 04 23 464.8
2016 09 05 23 528.0
2016 09 06 23 506.4
2016 09 07 23 189.0
2016 09 08 23 275.2
2016 09 09 23 314.4
2016 09 10 23 330.0
2016 09 11 23 303.7
2016 09 12 23 399.6
2016 09 13 23 442.5
2016 09 14 23 416.5
2016 09 15 23 481.7
2016 09 16 23 198.4
2016 09 17 23 440.9
2016 09 18 23 337.2
2016 09 19 23 201.3
2016 09 20 23 162.4
2016 09 21 23 278.0
2016 09 22 23 288.5
2016 09 23 23 190.6
2016 09 24 23 255.6
2016 09 25 23 305.0
2016 09 26 23 108.6
2016 09 27 23 254.3
2016 09 28 23 170.6
2016 09 29 23 102.8
2016 09 30 23 186.3
2016 10 01 23 181.4
2016 10 02 23 107.1
2016 10 03 23 234.0
2016 10 04 23 212.0
2016 10 05 23 216.1
2016 10 06 23 226.8
2016 10 07 23 198.1
2016 10 08 23 87.6
2016 10 09 23 73.9
2016 10 10 23 92.4
2016 10 11 23 96.9
2016 10 12 23 95.9
2016 10 13 23 78.1
2016 10 14 23 105.5
2016 10 15 23 121.9
2016 10 16 23 57.3
2016 10 17 23 36.8
2016 10 18 23 35.6
2016 10 19 23 36.3
2016 10 20 23 46.5
2016 10 21 23 32.9
2016 10 22 23 18.9
2016 10 23 23 28.3
2016 10 24 23 48.5
2016 10 25 23 54.3
2016 10 26 23 80.5
2016 10 27 23 96.1
2016 10 28 23 100.5
2016 10 29 23 97.2
2016 10 30 23 89.1
2016 10 31 23 39.7
2016 11 01 23 25.1
2016 11 02 23 25.8
2016 11 03 23 54.8
2016 11 04 23 16.0
2016 11 05 23 8.9
2016 11 06 23 16.4
2016 11 07 23 22.7
2016 11 08 23 23.0
2016 11 09 23 51.9
2016 11 10 23 38.4
2016 11 11 23 36.0
2016 11 12 23 56.7
2016 11 13 23 41.0
2016 11 14 23 13.8
2016 11 15 23 18.1
2016 11 16 23 12.4
2016 11 17 23 16.7
2016 11 18 23 22.8
2016 11 19 23 17.6
2016 11 20 23 18.8
2016 11 21 23 18.2
2016 11 22 23 20.2
2016 11 23 23 25.1
2016 11 24 23 21.4
2016 11 25 23 12.8
2016 11 26 23 8.5
2016 11 27 23 29.0
2016 11 28 23 27.2
2016 11 29 23 11.1
2016 11 30 23 20.9
2016 12 01 23 7.8
2016 12 02 23 26.3
2016 12 03 23 12.4
2016 12 04 23 11.1
2016 12 05 23 14.9
2016 12 06 23 8.6
2016 12 07 23 4.9
2016 12 08 23 19.3
2016 12 09 23 11.8
2016 12 10 23 7.0
2016 12 11 23 13.9
2016 12 12 23 19.2
2016 12 13 23 7.0
2016 12 14 23 16.6
2016 12 15 23 13.6
2016 12 16 23 6.9
2016 12 17 23 4.5
2016 12 18 23 7.8
2016 12 19 23 11.5
2016 12 20 23 8.1
2016 12 21 23 5.2
2016 12 22 23 17.8
2016 12 23 23 16.1
2016 12 24 23 4.6
2016 12 25 23 9.0
2016 12 26 23 5.8
2016 12 27 23 6.1
2016 12 28 23 14.7
2016 12 29 23 7.4
2016 12 30 23 8.0
2016 12 31 23 5.5
2017 01 01 23 12.3
2017 01 02 23 19.1
2017 01 03 23 5.3
2017 01 04 23 5.4
2017 01 05 23 23.7
2017 01 06 23 19.4
2017 01 07 23 10.6
2017 01 08 23 10.7
2017 01 09 23 8.0
2017 01 10 23 6.1
2017 01 11 23 5.1
2017 01 12 23 13.6
2017 01 13 23 14.3
2017 01 14 23 11.7
2017 01 15 23 20.4
2017 01 16 23 19.7
2017 01 17 23 7.0
2017 01 18 23 19.0
2017 01 19 23 18.1
2017 01 20 23 25.6
2017 01 21 23 36.2
2017 01 22 23 11.6
2017 01 23 23 26.6
2017 01 24 23 19.5
2017 01 25 23 14.8
2017 01 26 23 21.3
2017 01 27 23 35.3
2017 01 28 23 32.4
2017 01 29 23 14.4
2017 01 30 23 49.8
2017 01 31 23 36.6
2017 02 01 23 22.4
2017 02 02 23 26.7
2017 02 03 23 19.7
2017 02 04 23 22.7
2017 02 05 23 17.2
2017 02 06 23 28.3
2017 02 07 23 40.4
2017 02 08 23 53.3
2017 02 09 23 36.5
2017 02 10 23 29.8
2017 02 11 23 57.5
2017 02 12 23 36.4
2017 02 13 23 70.3
2017 02 14 23 88.7
2017 02 15 23 104.3
2017 02 16 23 31.9
2017 02 17 23 49.5
2017 02 18 23 48.4
2017 02 19 23 58.9
2017 02 20 23 52.0
2017 02 21 23 87.7
2017 02 22 23 72.4
2017 02 23 23 56.2
2017 02 24 23 117.8
2017 02 25 23 104.9
2017 02 26 23 125.5
2017 02 27 23 40.8
2017 02 28 23 91.1
2017 03 01 23 50.1
2017 03 02 23 58.3
2017 03 03 23 73.9
2017 03 04 23 41.0
2017 03 05 23 36.8
2017 03 06 23 67.0
2017 03 07 23 89.6
2017 03 08 23 91.1
2017 03 09 23 60.8
2017 03 10 23 150.3
2017 03 11 23 149.2
2017 03 12 23 118.6
2017 03 13 23 103.2
2017 03 14 23 72.8
2017 03 15 23 206.3
2017 03 16 23 118.6
2017 03 17 23 177.7
2017 03 18 23 175.6
2017 03 19 23 155.4
2017 03 20 23 108.5
2017 03 21 23 139.1
2017 03 22 23 158.8
2017 03 23 23 239.5
2017 03 24 23 217.7
2017 03 25 23 154.9
2017 03 26 23 347.7
2017 03 27 23 212.5
2017 03 28 23 337.6
2017 03 29 23 -999.0
2017 03 30 23 254.6
2017 03 31 23 220.7
2017 04 01 23 146.0
2017 04 02 23 206.7
2017 04 03 23 354.3
2017 04 04 23 348.4
2017 04 05 23 438.6
2017 04 06 23 -999.0
2017 04 07 23 -999.0
2017 04 08 23 340.6
2017 04 09 23 241.5
2017 04 10 23 459.8
2017 04 11 23 575.8
2017 04 12 23 369.4
2017 04 13 23 286.7
2017 04 14 23 378.5
2017 04 15 23 287.5
2017 04 16 23 250.1
2017 04 17 23 345.2
2017 04 18 23 504.6
2017 04 19 23 342.5
2017 04 20 23 359.9
2017 04 21 23 535.6
2017 04 22 23 711.3
2017 04 23 23 659.7
2017 04 24 23 385.1
2017 04 25 23 496.5
2017 04 26 23 839.8
2017 04 27 23 686.8
2017 04 28 23 462.2
2017 04 29 23 613.5
2017 04 30 23 -999.0
2017 05 01 23 903.2
2017 05 02 23 746.6
2017 05 03 23 696.4
2017 05 04 23 688.5
2017 05 05 23 906.5
2017 05 06 23 883.1
2017 05 07 23 429.4
2017 05 08 23 769.6
2017 05 09 23 816.3
2017 05 10 23 680.9
2017 05 11 23 498.0
2017 05 12 23 719.4
2017 05 13 23 390.7
2017 05 14 23 502.0
2017 05 15 23 760.6
2017 05 16 23 557.5
2017 05 17 23 411.8
2017 05 18 23 528.8
2017 05 19 23 828.8
2017 05 20 23 967.5
2017 05 21 23 1270.1
2017 05 22 23 1018.0
2017 05 23 23 982.6
2017 05 24 23 1334.4
2017 05 25 23 750.7
2017 05 26 23 1139.0
2017 05 27 23 1093.3
2017 05 28 23 765.6
2017 05 29 23 478.6
2017 05 30 23 689.8
2017 05 31 23 925.0
2017 06 01 23 1301.9
2017 06 02 23 728.6
2017 06 03 23 653.9
2017 06 04 23 512.8
2017 06 05 23 1009.8
2017 06 06 23 956.6
2017 06 07 23 643.5
2017 06 08 23 692.2
2017 06 09 23 746.8
2017 06 10 23 981.0
2017 06 11 23 528.8
2017 06 12 23 741.3
2017 06 13 23 1181.7
2017 06 14 23 1053.9
2017 06 15 23 829.9
2017 06 16 23 566.8
2017 06 17 23 1059.5
2017 06 18 23 730.7
2017 06 19 23 1115.6
2017 06 20 23 1375.6
2017 06 21 23 1326.6
2017 06 22 23 555.4
2017 06 23 23 395.2
2017 06 24 23 1083.2
2017 06 25 23 645.7
2017 06 26 23 1056.4
2017 06 27 23 971.5
2017 06 28 23 747.4
2017 06 29 23 647.4
2017 06 30 23 600.1
2017 07 01 23 1239.2
2017 07 02 23 1015.8
2017 07 03 23 740.2
2017 07 04 23 989.9
2017 07 05 23 977.2
2017 07 06 23 737.0
2017 07 07 23 633.0
2017 07 08 23 684.9
2017 07 09 23 995.9
2017 07 10 23 577.0
2017 07 11 23 571.6
2017 07 12 23 1034.9
2017 07 13 23 874.4
2017 07 14 23 1013.7
2017 07 15 23 952.4
2017 07 16 23 541.7
2017 07 17 23 949.8
2017 07 18 23 1245.1
2017 07 19 23 1079.4
2017 07 20 23 997.2
2017 07 21 23 385.2
2017 07 22 23 606.9
2017 07 23 23 652.2
2017 07 24 23 321.1
2017 07 25 23 356.5
2017 07 26 23 477.2
2017 07 27 23 377.5
2017 07 28 23 757.5
2017 07 29 23 423.9
2017 07 30 23 484.1
2017 07 31 23 597.4
2017 08 01 23 796.3
2017 08 02 23 703.6
2017 08 03 23 326.9
2017 08 04 23 322.1
2017 08 05 23 493.2
2017 08 06 23 587.9
2017 08 07 23 323.2
2017 08 08 23 464.9
2017 08 09 23 490.2
2017 08 10 23 572.5
2017 08 11 23 589.6
2017 08 12 23 342.8
2017 08 13 23 674.6
2017 08 14 23 772.9
2017 08 15 23 585.2
2017 08 16 23 752.7
2017 08 17 23 592.0
2017 08 18 23 317.5
2017 08 19 23 490.4
2017 08 20 23 500.9
2017 08 21 23 472.3
2017 08 22 23 532.8
2017 08 23 23 667.7
2017 08 24 23 319.9
2017 08 25 23 269.5
2017 08 26 23 531.3
2017 08 27 23 322.1
2017 08 28 23 499.3
2017 08 29 23 618.1
2017 08 30 23 274.6
2017 08 31 23 195.6
2017 09 01 23 485.4
2017 09 02 23 429.0
2017 09 03 23 322.4
2017 09 04 23 220.0
2017 09 05 23 166.8
2017 09 06 23 214.2
2017 09 07 23 227.3
2017 09 08 23 171.8
2017 09 09 23 162.0
2017 09 10 23 205.5
2017 09 11 23 143.7
2017 09 12 23 214.1
2017 09 13 23 133.3
2017 09 14 23 157.9
2017 09 15 23 181.8
2017 09 16 23 237.7
2017 09 17 23 138.6
2017 09 18 23 199.3
2017 09 19 23 139.7
2017 09 20 23 176.0
2017 09 21 23 175.9
2017 09 22 23 83.1
2017 09 23 23 88.7
2017 09 24 23 74.3
2017 09 25 23 228.3
2017 09 26 23 78.7
2017 09 27 23 111.2
2017 09 28 23 166.1
2017 09 29 23 107.5
2017 09 30 23 196.3
2017 10 01 23 78.3
2017 10 02 23 119.7
2017 10 03 23 82.1
2017 10 04 23 99.5
2017 10 05 23 189.0
2017 10 06 23 189.8
2017 10 07 23 75.2
2017 10 08 23 175.9
2017 10 09 23 181.4
2017 10 10 23 122.3
2017 10 11 23 117.8
2017 10 12 23 114.5
2017 10 13 23 95.9
2017 10 14 23 83.2
2017 10 15 23 48.2
2017 10 16 23 140.0
2017 10 17 23 61.2
2017 10 18 23 118.0
2017 10 19 23 108.7
2017 10 20 23 42.1
2017 10 21 23 32.2
2017 10 22 23 49.0
2017 10 23 23 52.6
2017 10 24 23 55.6
2017 10 25 23 56.4
2017 10 26 23 84.7
2017 10 27 23 58.3
2017 10 28 23 94.8
2017 10 29 23 70.4
2017 10 30 23 85.0
2017 10 31 23 57.3
2017 11 01 23 30.3
2017 11 02 23 75.6
2017 11 03 23 40.4
2017 11 04 23 22.1
2017 11 05 23 22.5
2017 11 06 23 50.7
2017 11 07 23 50.8
2017 11 08 23 53.2
2017 11 09 23 25.3
2017 11 10 23 23.2
2017 11 11 23 41.5
2017 11 12 23 41.9
2017 11 13 23 38.9
2017 11 14 23 23.6
2017 11 15 23 35.7
2017 11 16 23 29.0
2017 11 17 23 25.8
2017 11 18 23 18.8
2017 11 19 23 13.3
2017 11 20 23 28.0
2017 11 21 23 22.1
2017 11 22 23 13.0
2017 11 23 23 11.5
2017 11 24 23 21.9
2017 11 25 23 22.1
2017 11 26 23 8.2
2017 11 27 23 15.2
2017 11 28 23 12.2
2017 11 29 23 16.4
2017 11 30 23 15.1
2017 12 01 23 13.2
2017 12 02 23 18.0
2017 12 03 23 22.0
2017 12 04 23 20.8
2017 12 05 23 12.3
2017 12 06 23 8.3
2017 12 07 23 9.2
2017 12 08 23 10.0
2017 12 09 23 10.1
2017 12 10 23 14.0
2017 12 11 23 8.1
2017 12 12 23 15.0
2017 12 13 23 8.2
2017 12 14 23 7.3
2017 12 15 23 8.1
2017 12 16 23 8.0
2017 12 17 23 11.0
2017 12 18 23 7.3
2017 12 19 23 11.1
2017 12 20 23 6.6
2017 12 21 23 11.6
2017 12 22 23 6.8
2017 12 23 23 7.0
2017 12 24 23 6.9
2017 12 25 23 6.5
2017 12 26 23 6.5
2017 12 27 23 9.4
2017 12 28 23 7.8
2017 12 29 23 8.2
2017 12 30 23 5.5
2017 12 31 23 -999.0
2018 01 01 23 5.7
2018 01 02 23 14.9
2018 01 03 23 5.9
2018 01 04 23 6.2
2018 01 05 23 6.2
2018 01 06 23 12.9
2018 01 07 23 15.7
2018 01 08 23 20.4
2018 01 09 23 13.7
2018 01 10 23 9.2
2018 01 11 23 9.4
2018 01 12 23 8.1
2018 01 13 23 9.6
2018 01 14 23 10.0
2018 01 15 23 11.1
2018 01 16 23 9.1
2018 01 17 23 10.3
2018 01 18 23 12.3
2018 01 19 23 19.5
2018 01 20 23 9.9
2018 01 21 23 27.2
2018 01 22 23 13.2
2018 01 23 23 16.4
2018 01 24 23 13.2
2018 01 25 23 15.2
2018 01 26 23 16.2
2018 01 27 23 32.5
2018 01 28 23 12.2
2018 01 29 23 18.1
2018 01 30 23 37.2
2018 01 31 23 20.1
2018 02 01 23 16.0
2018 02 02 23 20.7
2018 02 03 23 21.5
2018 02 04 23 31.5
2018 02 05 23 51.5
2018 02 06 23 20.7
2018 02 07 23 30.6
2018 02 08 23 25.2
2018 02 09 23 43.1
2018 02 10 23 16.4
2018 02 11 23 26.1
2018 02 12 23 24.5
2018 02 13 23 27.5
2018 02 14 23 48.8
2018 02 15 23 36.5
2018 02 16 23 35.9
2018 02 17 23 52.5
2018 02 18 23 31.6
2018 02 19 23 38.4
2018 02 20 23 53.9
2018 02 21 23 42.1
2018 02 22 23 65.7
2018 02 23 23 51.1
2018 02 24 23 92.1
2018 02 25 23 82.3
2018 02 26 23 62.5
2018 02 27 23 67.8
2018 02 28 23 82.9
2018 03 01 23 64.5
2018 03 02 23 41.5
2018 03 03 23 35.1
2018 03 04 23 53.3
2018 03 05 23 50.0
2018 03 06 23 47.9
2018 03 07 23 52.1
2018 03 08 23 63.1
2018 03 09 23 64.6
2018 03 10 23 73.3
2018 03 11 23 72.6
2018 03 12 23 64.1
2018 03 13 23 86.5
2018 03 14 23 142.3
2018 03 15 23 91.4
2018 03 16 23 175.6
2018 03 17 23 167.1
2018 03 18 23 212.6
2018 03 19 23 136.8
2018 03 20 23 223.9
2018 03 21 23 134.9
2018 03 22 23 150.6
2018 03 23 23 118.8
2018 03 24 23 73.8
2018 03 25 23 218.3
2018 03 26 23 103.2
2018 03 27 23 209.1
2018 03 28 23 262.4
2018 03 29 23 236.3
2018 03 30 23 208.5
2018 03 31 23 254.1
2018 04 01 23 197.1
2018 04 02 23 269.1
2018 04 03 23 123.0
2018 04 04 23 161.8
2018 04 05 23 175.4
2018 04 06 23 390.6
2018 04 07 23 183.3
2018 04 08 23 154.6
2018 04 09 23 110.9
2018 04 10 23 306.0
2018 04 11 23 232.3
2018 04 12 23 337.1
2018 04 13 23 284.3
2018 04 14 23 248.1
2018 04 15 23 217.9
2018 04 16 23 156.3
2018 04 17 23 178.7
2018 04 18 23 298.8
2018 04 19 23 294.3
2018 04 20 23 494.7
2018 04 21 23 582.1
2018 04 22 23 480.6
2018 04 23 23 246.5
2018 04 24 23 236.5
2018 04 25 23 359.4
2018 04 26 23 307.7
2018 04 27 23 363.0
2018 04 28 23 357.6
2018 04 29 23 298.3
2018 04 30 23 213.7
2018 05 01 23 207.7
2018 05 02 23 520.1
2018 05 03 23 243.3
2018 05 04 23 463.9
2018 05 05 23 538.9
2018 05 06 23 588.9
2018 05 07 23 725.7
2018 05 08 23 789.2
2018 05 09 23 771.3
2018 05 10 23 555.7
2018 05 11 23 474.2
2018 05 12 23 469.2
2018 05 13 23 277.8
2018 05 14 23 726.7
2018 05 15 23 694.8
2018 05 16 23 619.3
2018 05 17 23 312.3
2018 05 18 23 676.5
2018 05 19 23 670.1
2018 05 20 23 739.2
2018 05 21 23 414.9
2018 05 22 23 637.1
2018 05 23 23 688.1
2018 05 24 23 786.8
2018 05 25 23 460.7
2018 05 26 23 728.1
2018 05 27 23 667.3
2018 05 28 23 269.9
2018 05 29 23 328.2
2018 05 30 23 800.2
2018 05 31 23 926.8
2018 06 01 23 897.1
2018 06 02 23 763.2
2018 06 03 23 833.7
2018 06 04 23 973.2
2018 06 05 23 1196.3
2018 06 06 23 773.4
2018 06 07 23 768.6
2018 06 08 23 906.4
2018 06 09 23 596.4
2018 06 10 23 423.4
2018 06 11 23 430.4
2018 06 12 23 760.0
2018 06 13 23 610.4
2018 06 14 23 386.5
2018 06 15 23 771.3
2018 06 16 23 722.6
2018 06 17 23 345.5
2018 06 18 23 493.0
2018 06 19 23 883.3
2018 06 20 23 560.2
2018 06 21 23 392.5
2018 06 22 23 503.8
2018 06 23 23 779.1
2018 06 24 23 842.0
2018 06 25 23 508.5
2018 06 26 23 912.3
2018 06 27 23 956.8
2018 06 28 23 884.1
2018 06 29 23 -999.0
2018 06 30 23 -999.0
2018 07 01 23 1141.8
2018 07 02 23 919.6
2018 07 03 23 970.5
2018 07 04 23 1085.4
2018 07 05 23 825.6
2018 07 06 23 907.4
2018 07 07 23 821.8
2018 07 08 23 991.6
2018 07 09 23 422.4
2018 07 10 23 600.7
2018 07 11 23 921.5
2018 07 12 23 564.6
2018 07 13 23 669.4
2018 07 14 23 855.8
2018 07 15 23 776.7
2018 07 16 23 829.2
2018 07 17 23 409.4
2018 07 18 23 297.3
2018 07 19 23 632.8
2018 07 20 23 752.1
2018 07 21 23 688.4
2018 07 22 23 533.9
2018 07 23 23 794.3
2018 07 24 23 936.6
2018 07 25 23 782.7
2018 07 26 23 828.2
2018 07 27 23 816.8
2018 07 28 23 420.5
2018 07 29 23 736.3
2018 07 30 23 415.9
2018 07 31 23 509.2
2018 08 01 23 577.6
2018 08 02 23 669.4
2018 08 03 23 628.3
2018 08 04 23 779.1
2018 08 05 23 745.2
2018 08 06 23 399.3
2018 08 07 23 423.5
2018 08 08 23 283.3
2018 08 09 23 838.4
2018 08 10 23 370.6
2018 08 11 23 318.8
2018 08 12 23 589.1
2018 08 13 23 708.6
2018 08 14 23 371.5
2018 08 15 23 480.3
2018 08 16 23 427.4
2018 08 17 23 366.1
2018 08 18 23 287.5
2018 08 19 23 497.8
2018 08 20 23 466.6
2018 08 21 23 389.1
2018 08 22 23 253.3
2018 08 23 23 285.8
2018 08 24 23 212.4
2018 08 25 23 319.0
2018 08 26 23 425.6
2018 08 27 23 171.9
2018 08 28 23 263.0
2018 08 29 23 124.5
2018 08 30 23 200.2
2018 08 31 23 153.3
2018 09 01 23 308.5
2018 09 02 23 401.7
2018 09 03 23 273.4
2018 09 04 23 279.7
2018 09 05 23 192.4
2018 09 06 23 208.9
2018 09 07 23 139.1
2018 09 08 23 238.5
2018 09 09 23 176.4
2018 09 10 23 218.4
2018 09 11 23 183.8
2018 09 12 23 214.4
2018 09 13 23 233.0
2018 09 14 23 189.6
2018 09 15 23 353.2
2018 09 16 23 172.4
2018 09 17 23 255.4
2018 09 18 23 342.8
2018 09 19 23 146.0
2018 09 20 23 171.7
2018 09 21 23 125.1
2018 09 22 23 193.6
2018 09 23 23 283.8
2018 09 24 23 251.3
2018 09 25 23 257.3
2018 09 26 23 137.6
2018 09 27 23 131.4
2018 09 28 23 233.5
2018 09 29 23 112.9
2018 09 30 23 151.4
2018 10 01 23 168.0
2018 10 02 23 95.7
2018 10 03 23 227.4
2018 10 04 23 86.2
2018 10 05 23 143.5
2018 10 06 23 74.7
2018 10 07 23 172.1
2018 10 08 23 67.8
2018 10 09 23 74.3
2018 10 10 23 124.2
2018 10 11 23 167.5
2018 10 12 23 124.0
2018 10 13 23 86.8
2018 10 14 23 145.4
2018 10 15 23 125.9
2018 10 16 23 101.3
2018 10 17 23 63.2
2018 10 18 23 158.9
2018 10 19 23 143.4
2018 10 20 23 128.2
2018 10 21 23 48.4
2018 10 22 23 98.5
2018 10 23 23 94.0
2018 10 24 23 109.3
2018 10 25 23 98.4
2018 10 26 23 42.4
2018 10 27 23 35.9
2018 10 28 23 55.0
2018 10 29 23 36.6
2018 10 30 23 24.6
2018 10 31 23 42.8
2018 11 01 23 38.7
2018 11 02 23 27.5
2018 11 03 23 77.7
2018 11 04 23 49.4
2018 11 05 23 28.3
2018 11 06 23 27.4
2018 11 07 23 21.9
2018 11 08 23 17.3
2018 11 09 23 19.6
2018 11 10 23 18.8
2018 11 11 23 19.6
2018 11 12 23 29.3
2018 11 13 23 18.8
2018 11 14 23 23.8
2018 11 15 23 27.7
2018 11 16 23 28.5
2018 11 17 23 13.0
2018 11 18 23 36.3
2018 11 19 23 28.7
2018 11 20 23 22.6
2018 11 21 23 11.8
2018 11 22 23 11.5
2018 11 23 23 10.9
2018 11 24 23 11.6
2018 11 25 23 19.3
2018 11 26 23 16.3
2018 11 27 23 -999.0
2018 11 28 23 -999.0
2018 11 29 23 10.4
2018 11 30 23 -999.0
2018 12 01 23 -999.0
2018 12 02 23 8.9
2018 12 03 23 8.4
2018 12 04 23 10.6
2018 12 05 23 20.9
2018 12 06 23 9.3
2018 12 07 23 8.0
2018 12 08 23 6.9
2018 12 09 23 7.4
2018 12 10 23 10.0
2018 12 11 23 11.3
2018 12 12 23 11.8
2018 12 13 23 7.5
2018 12 14 23 8.1
2018 12 15 23 9.4
2018 12 16 23 6.3
2018 12 17 23 10.2
2018 12 18 23 7.7
2018 12 19 23 7.0
2018 12 20 23 5.8
2018 12 21 23 6.6
2018 12 22 23 9.2
2018 12 23 23 8.2
2018 12 24 23 7.3
2018 12 25 23 11.6
2018 12 26 23 9.0
2018 12 27 23 11.3
2018 12 28 23 16.0
2018 12 29 23 5.6
2018 12 30 23 15.7
2018 12 31 23 -999.0
2019 01 01 23 13.0
2019 01 02 23 18.4
2019 01 03 23 12.6
2019 01 04 23 14.4
2019 01 05 23 21.3
2019 01 06 23 12.2
2019 01 07 23 7.6
2019 01 08 23 6.3
2019 01 09 23 17.6
2019 01 10 23 7.6
2019 01 11 23 9.2
2019 01 12 23 7.3
2019 01 13 23 11.5
2019 01 14 23 15.4
2019 01 15 23 8.7
2019 01 16 23 9.1
2019 01 17 23 16.2
2019 01 18 23 20.5
2019 01 19 23 13.3
2019 01 20 23 23.4
2019 01 21 23 11.9
2019 01 22 23 12.2
2019 01 23 23 13.1
2019 01 24 23 12.5
2019 01 25 23 22.2
2019 01 26 23 23.0
2019 01 27 23 12.6
2019 01 28 23 13.5
2019 01 29 23 40.1
2019 01 30 23 17.8
2019 01 31 23 19.3
2019 02 01 23 16.8
2019 02 02 23 13.4
2019 02 03 23 24.4
2019 02 04 23 19.4
2019 02 05 23 23.7
2019 02 06 23 24.1
2019 02 07 23 20.9
2019 02 08 23 27.1
2019 02 09 23 25.9
2019 02 10 23 20.9
2019 02 11 23 56.6
2019 02 12 23 38.3
2019 02 13 23 71.6
2019 02 14 23 28.7
2019 02 15 23 17.1
2019 02 16 23 48.8
2019 02 17 23 35.6
2019 02 18 23 39.8
2019 02 19 23 38.6
2019 02 20 23 99.5
2019 02 21 23 41.0
2019 02 22 23 84.8
2019 02 23 23 43.9
2019 02 24 23 58.7
2019 02 25 23 70.8
2019 02 26 23 127.3
2019 02 27 23 92.3
2019 02 28 23 121.9
2019 03 01 23 120.7
2019 03 02 23 69.1
2019 03 03 23 58.3
2019 03 04 23 57.1
2019 03 05 23 62.0
2019 03 06 23 54.5
2019 03 07 23 55.4
2019 03 08 23 77.3
2019 03 09 23 61.9
2019 03 10 23 118.5
2019 03 11 23 151.4
2019 03 12 23 85.4
2019 03 13 23 65.7
2019 03 14 23 74.5
2019 03 15 23 77.2
2019 03 16 23 123.9
2019 03 17 23 84.3
2019 03 18 23 87.3
2019 03 19 23 309.2
2019 03 20 23 135.8
2019 03 21 23 123.7
2019 03 22 23 181.5
2019 03 23 23 250.2
2019 03 24 23 146.9
2019 03 25 23 163.3
2019 03 26 23 203.7
2019 03 27 23 333.2
2019 03 28 23 177.7
2019 03 29 23 144.7
2019 03 30 23 103.1
2019 03 31 23 318.2
2019 04 01 23 376.0
2019 04 02 23 288.9
2019 04 03 23 72.2
2019 04 04 23 155.5
2019 04 05 23 227.0
2019 04 06 23 122.2
2019 04 07 23 250.0
2019 04 08 23 374.7
2019 04 09 23 373.4
2019 04 10 23 149.1
2019 04 11 23 282.1
2019 04 12 23 309.5
2019 04 13 23 353.5
2019 04 14 23 397.2
2019 04 15 23 443.8
2019 04 16 23 208.3
2019 04 17 23 309.4
2019 04 18 23 535.5
2019 04 19 23 519.1
2019 04 20 23 483.5
2019 04 21 23 378.9
2019 04 22 23 491.7
2019 04 23 23 488.5
2019 04 24 23 268.5
2019 04 25 23 161.0
2019 04 26 23 417.5
2019 04 27 23 202.2
2019 04 28 23 276.1
2019 04 29 23 439.6
2019 04 30 23 238.7
2019 05 01 23 177.7
2019 05 02 23 407.3
2019 05 03 23 302.1
2019 05 04 23 251.0
2019 05 05 23 240.8
2019 05 06 23 306.9
2019 05 07 23 340.2
2019 05 08 23 339.8
2019 05 09 23 218.4
2019 05 10 23 232.9
2019 05 11 23 636.9
2019 05 12 23 281.6
2019 05 13 23 602.8
2019 05 14 23 480.7
2019 05 15 23 515.1
2019 05 16 23 756.8
2019 05 17 23 402.3
2019 05 18 23 258.3
2019 05 19 23 592.7
2019 05 20 23 281.5
2019 05 21 23 360.6
2019 05 22 23 598.6
2019 05 23 23 681.5
2019 05 24 23 387.6
2019 05 25 23 746.6
2019 05 26 23 804.4
2019 05 27 23 349.8
2019 05 28 23 746.2
2019 05 29 23 843.9
2019 05 30 23 314.0
2019 05 31 23 733.3
2019 06 01 23 257.5
2019 06 02 23 562.9
2019 06 03 23 272.8
2019 06 04 23 377.1
2019 06 05 23 420.8
2019 06 06 23 624.6
2019 06 07 23 432.4
2019 06 08 23 333.1
2019 06 09 23 341.4
2019 06 10 23 712.2
2019 06 11 23 295.7
2019 06 12 23 315.0
2019 06 13 23 651.7
2019 06 14 23 627.7
2019 06 15 23 536.5
2019 06 16 23 406.8
2019 06 17 23 910.3
2019 06 18 23 380.5
2019 06 19 23 637.4
2019 06 20 23 330.5
2019 06 21 23 786.2
2019 06 22 23 970.6
2019 06 23 23 721.6
2019 06 24 23 570.0
2019 06 25 23 371.5
2019 06 26 23 345.0
2019 06 27 23 708.2
2019 06 28 23 921.2
2019 06 29 23 624.9
2019 06 30 23 683.9
2019 07 01 23 412.0
2019 07 02 23 567.9
2019 07 03 23 669.7
2019 07 04 23 399.6
2019 07 05 23 879.7
2019 07 06 23 324.3
2019 07 07 23 552.7
2019 07 08 23 521.8
2019 07 09 23 518.6
2019 07 10 23 597.3
2019 07 11 23 904.1
2019 07 12 23 659.6
2019 07 13 23 566.4
2019 07 14 23 440.3
2019 07 15 23 432.8
2019 07 16 23 722.4
2019 07 17 23 800.2
2019 07 18 23 653.7
2019 07 19 23 358.4
2019 07 20 23 564.6
2019 07 21 23 455.1
2019 07 22 23 493.6
2019 07 23 23 792.3
2019 07 24 23 946.1
2019 07 25 23 795.0
2019 07 26 23 901.5
2019 07 27 23 791.7
2019 07 28 23 530.6
2019 07 29 23 559.7
2019 07 30 23 361.0
2019 07 31 23 457.7
2019 08 01 23 501.9
2019 08 02 23 693.8
2019 08 03 23 680.6
2019 08 04 23 455.1
2019 08 05 23 315.7
2019 08 06 23 288.0
2019 08 07 23 332.8
2019 08 08 23 420.6
2019 08 09 23 634.8
2019 08 10 23 294.6
2019 08 11 23 287.5
2019 08 12 23 383.4
2019 08 13 23 419.7
2019 08 14 23 510.2
2019 08 15 23 297.5
2019 08 16 23 247.5
2019 08 17 23 247.4
2019 08 18 23 242.3
2019 08 19 23 302.8
2019 08 20 23 296.3
2019 08 21 23 392.0
2019 08 22 23 238.2
2019 08 23 23 267.5
2019 08 24 23 397.6
2019 08 25 23 606.5
2019 08 26 23 571.5
2019 08 27 23 410.8
2019 08 28 23 244.4
2019 08 29 23 224.7
2019 08 30 23 243.0
2019 08 31 23 501.5
2019 09 01 23 224.0
2019 09 02 23 339.8
2019 09 03 23 316.6
2019 09 04 23 250.5
2019 09 05 23 270.8
2019 09 06 23 210.2
2019 09 07 23 293.1
2019 09 08 23 377.4
2019 09 09 23 211.3
2019 09 10 23 252.0
2019 09 11 23 197.1
2019 09 12 23 239.1
2019 09 13 23 401.9
2019 09 14 23 301.8
2019 09 15 23 258.8
2019 09 16 23 346.6
2019 09 17 23 200.1
2019 09 18 23 259.0
2019 09 19 23 189.8
2019 09 20 23 264.5
2019 09 21 23 347.4
2019 09 22 23 182.6
2019 09 23 23 320.5
2019 09 24 23 138.3
2019 09 25 23 185.4
2019 09 26 23 211.5
2019 09 27 23 125.9
2019 09 28 23 135.4
2019 09 29 23 126.2
2019 09 30 23 131.5
2019 10 01 23 251.3
2019 10 02 23 101.8
2019 10 03 23 136.4
2019 10 04 23 91.8
2019 10 05 23 140.9
2019 10 06 23 141.6
2019 10 07 23 178.3
2019 10 08 23 64.5
2019 10 09 23 87.2
2019 10 10 23 79.6
2019 10 11 23 76.9
2019 10 12 23 97.7
2019 10 13 23 73.2
2019 10 14 23 62.3
2019 10 15 23 45.2
2019 10 16 23 48.1
2019 10 17 23 54.4
2019 10 18 23 56.2
2019 10 19 23 66.1
2019 10 20 23 58.3
2019 10 21 23 39.6
2019 10 22 23 67.7
2019 10 23 23 58.6
2019 10 24 23 47.5
2019 10 25 23 63.9
2019 10 26 23 48.3
2019 10 27 23 69.5
2019 10 28 23 74.9
2019 10 29 23 98.1
2019 10 30 23 33.8
2019 10 31 23 70.5
2019 11 01 23 32.4
2019 11 02 23 27.2
2019 11 03 23 25.4
2019 11 04 23 32.5
2019 11 05 23 63.7
2019 11 06 23 30.0
2019 11 07 23 44.9
2019 11 08 23 20.9
2019 11 09 23 18.0
2019 11 10 23 19.0
2019 11 11 23 23.7
2019 11 12 23 17.1
2019 11 13 23 25.5
2019 11 14 23 18.3
2019 11 15 23 20.7
2019 11 16 23 14.7
2019 11 17 23 14.4
2019 11 18 23 16.6
2019 11 19 23 14.4
2019 11 20 23 18.6
2019 11 21 23 15.2
2019 11 22 23 16.6
2019 11 23 23 12.8
2019 11 24 23 11.4
2019 11 25 23 11.8
2019 11 26 23 12.6
2019 11 27 23 13.3
2019 11 28 23 12.3
2019 11 29 23 28.1
2019 11 30 23 28.6
2019 12 01 23 12.0
2019 12 02 23 21.6
2019 12 03 23 11.5
2019 12 04 23 10.7
2019 12 05 23 10.1
2019 12 06 23 9.5
2019 12 07 23 18.6
2019 12 08 23 8.9
2019 12 09 23 7.9
2019 12 10 23 14.5
2019 12 11 23 14.5
2019 12 12 23 6.7
2019 12 13 23 6.2
2019 12 14 23 7.5
2019 12 15 23 6.1
2019 12 16 23 4.9
2019 12 17 23 5.1
2019 12 18 23 8.0
2019 12 19 23 5.6
2019 12 20 23 7.0
2019 12 21 23 5.2
2019 12 22 23 9.6
2019 12 23 23 5.2
2019 12 24 23 6.1
2019 12 25 23 6.0
2019 12 26 23 7.9
2019 12 27 23 6.2
2019 12 28 23 6.5
2019 12 29 23 6.1
2019 12 30 23 7.7
2019 12 31 23 -999.0